yticklabel 0.9999945163726807 27.25185203552246 459.97637939453125 63.65839195251465 474.07421875
yticklabel 0.9999923706054688 40.192203521728516 102.92390441894531 64.24410247802734 117.1244888305664
legend_label 0.9999701976776123 1173.8287353515625 619.1683349609375 1215.5662841796875 639.175048828125
bar 0.9999642372131348 74.69889831542969 109.78387451171875 726.3924407958984 163.60403442382812
xticklabel 0.9999575614929199 735.3030395507812 612.0874633789062 747.5630493164062 625.9378662109375
bar 0.9999561309814453 79.21051025390625 521.163330078125 1080.1463623046875 574.4030151367188
bar 0.9999512434005737 75.50065612792969 467.32183837890625 653.8601531982422 521.538818359375
bar 0.9999502897262573 79.16533660888672 56.312198638916016 898.4965744018555 110.08055877685547
bar 0.9999496936798096 76.8082275390625 414.31732177734375 815.82861328125 467.9610595703125
legend_label 0.9999446868896484 1174.101806640625 596.1893920898438 1235.420166015625 616.2551879882812
legend_label 0.9999395608901978 1173.954833984375 572.9148559570312 1208.17236328125 592.91943359375
preview 0.9999374151229858 1148.673583984375 572.9439697265625 1168.8115234375 593.0646362304688
preview 0.999933123588562 1148.6539306640625 619.1229858398438 1168.7286376953125 638.9912109375
bar 0.9999309778213501 76.31050872802734 164.42819213867188 1101.3407821655273 217.30908203125
xticklabel 0.9999247789382935 512.8422241210938 611.9534912109375 524.9588012695312 625.9398803710938
xticklabel 0.9999061822891235 290.6319580078125 612.0994262695312 303.05084228515625 626.0181274414062
xlabel 0.9998942613601685 546.7985229492188 629.4925537109375 666.7786865234375 647.783447265625
xticklabel 0.9998867511749268 72.15039825439453 612.00048828125 78.21342468261719 625.9788818359375
xticklabel 0.9998866319656372 956.0477905273438 612.1361083984375 968.4012451171875 626.0216064453125
preview 0.9998660087585449 1149.1019287109375 595.9469604492188 1169.0247802734375 616.4177856445312
title 0.9996670484542847 76.6021499633789 9.004288673400879 769.3832778930664 27.014885902404785
ylabel 0.9995629191398621 6.173298358917236 301.8087463378906 24.040911197662354 330.2987976074219
