bar 0.9999048709869385 82.41061401367188 467.1441955566406 654.1630859375 520.9807739257812
bar 0.9999547004699707 74.13973999023438 108.38067626953125 724.0216064453125 163.296142578125
bar 0.999976396560669 84.19549560546875 414.2220153808594 809.6898193359375 467.9763488769531
bar 0.9978020787239075 27.7874755859375 163.85952758789062 1130.51123046875 216.51739501953125
bar 0.999258816242218 30.33953857421875 521.4406127929688 1119.4404296875 574.1635131835938
bar 0.9998829364776611 52.83905029296875 57.21695327758789 888.5256958007812 109.91596984863281
bar 0.15747235715389252 0.0 649.0 678.197509765625 650.0
bar 0.06325981765985489 463.34979248046875 649.0 1245.0 650.0
legend_label 0.9999462366104126 1173.350830078125 618.776123046875 1215.69580078125 639.2215576171875
legend_label 0.9999785423278809 1173.6356201171875 596.0009155273438 1234.6856689453125 616.5525512695312
legend_label 0.9999611377716064 1173.621337890625 572.8400268554688 1208.1796875 593.7113647460938
preview 0.9999841451644897 1148.5650634765625 618.9959106445312 1169.1925048828125 638.9264526367188
preview 0.9999650716781616 1148.54541015625 595.8594970703125 1168.592041015625 615.913330078125
preview 0.999987006187439 1148.7481689453125 573.0643310546875 1168.7760009765625 592.90087890625
title 0.9999065399169922 62.990997314453125 8.958877563476562 782.8719482421875 27.00884246826172
xlabel 0.9999942779541016 547.56591796875 629.5271606445312 666.879638671875 648.3245239257812
xticklabel 0.9999444484710693 735.1580200195312 611.9664306640625 747.3890991210938 625.9307861328125
xticklabel 0.9994893074035645 72.11443328857422 611.9606323242188 78.51236724853516 625.9030151367188
xticklabel 0.9999797344207764 956.3380737304688 611.8663940429688 968.3750610351562 625.7927856445312
xticklabel 0.9999750852584839 512.87158203125 611.6661987304688 525.1064453125 625.6547241210938
xticklabel 0.9999943971633911 291.1919250488281 612.0079956054688 303.0065612792969 626.0595092773438
ylabel 0.9996097683906555 5.926922798156738 300.7254943847656 24.539016723632812 330.4397277832031
yticklabel 0.99996018409729 27.056148529052734 460.17645263671875 64.40086364746094 474.00164794921875
yticklabel 0.9999593496322632 39.01091766357422 103.0121078491211 63.407920837402344 116.88658905029297
